746349182
933377161
502065420
930720659
112734318
403046256
749453886
387340307
129639877
122506545
418486983
909859765
288876867
251961938
650293900
835222005
648193371
737881904
839791423
698917250
365252993
711837726
707499759
682598352
758687884
509652498
747261142
500321195
495408073
44898428
10873128
97451616
778246184
595484709
715282156
87737372
147518724
249839653
647955057
378314994
443137158
676561883
711115840
453269757
675136950
463422043
701111149
512549981
778933743
262911930
722889624
890735471
953984435
837214027
714375118
166330414
628565805
600986456
280830613
927720097
348242436
3500109
122800370
623000357
53343459
321771931
650554547
788403976
493715501
507363667
978971003
877722105
844767352
166947393
643712183
966919562
582959984
845951847
837502521
608993751
506653327
907653079
969042889
211360428
188407128
940952380
223971756
321805548
532676245
44981065
758462009
603120235
680623660
544556857
586725469
949034840
544381955
150943414
858834757
75584933
105314303
265133839
83457521
49289801
341600826
575984272
71033249
272532521
882257637
236870800
225762319
786447966
916067037
79986797
524239583
270991319
648870038
566350551
264280776
924480680
454005319
302281800
4964679
437075771
128850063
849760679
393840320
539045617
532227122
549118876
896841802
877660688
984284095
580166344
29640867
348909979
339460878
203548143
32852042
822346710
481365888
330007619
106401742
104373220
761915791
763906148
168756600
36561943
866209121
981084964
2351250
651333789
328143897
525739506
364077751
196135068
190619463
870852914
715392152
835566281
805873926
676084597
34067305
273393028
872932767
518397719
448842459
666891068
517971196
771904930
491389956
53892024
497678907
990042156
613909532
838557647
376315266
657467841
980390362
623877995
441660836
598849404
467829812
837013415
699411617
236773378
566584406
789722056
642352378
13652968
766698593
572280414
146352370
651628799
77123968
472852954
411127631
577835436
734728194
249208807
797396462
403070380
710597398
673639607
308883911
26174241
261274038
676272734
443794291
224187057
912714666
146100605
68820140
211849177
808810069
904865805
653053823
389380073
459384530
896569645
313881521
153348557
880873450
595217926
612498011
926234284
241128372
967644220
794662734
715853567
616371954
440365763
974746379
28064612
340691606
324352126
986499141
604942848
104466379
182103812
229787837
190119253
173832980
956180251
471262502
222825511
427568672
321762279
82520689
669508522
104798973
77637010
93027709
244625988
340263068
403598442
284460612
327446397
948020972
159004742
988111744
712639817
656236941
236982248
968462053
960550899
371127080
941523202
672759063
961956066
960899261
510860541
668760830
103076671
126753033
138895329
863267346
854112579
832334209
396123388
910305793
480171393
539334154
498131024
966802705
461377559
42455351
728346580
812992303
434214684
20277425
664593100
194768682
823654665
916858724
728525931
206006715
666347747
744856964
171365050
930495008
342627174
667990804
664450810
177965883
758271758
557859269
800649471
5765786
283397462
238833493
201836686
891096275
886451843
875122765
83627986
435365326
105020831
59680246
49426268
476041343
600326302
427137806
844154847
710887207
402169880
699421835
581371764
676181850
84903690
608954254
676027681
963986587
922729249
187794814
745660206
702096905
840169658
728128200
357585162
765488683
695738767
228388270
261402865
635933141
77936655
841728859
496312944
975263941
499824729
232549321
531197941
39164887
74843136
723806636
860806123
753689583
228951318
116214103
745795918
787646346
186222744
574362049
446906581
130190597
302833245
173476181
116386008
335342757
388204654
86246005
21141469
98362785
203873895
595831364
640021063
995726310
82430618
193609102
264852783
831680033
464384401
997395697
735066792
712185893
678192716
606328579
130252404
597858171
665992854
766370704
695871953
122193179
110825556
940353743
301272566
148133897
967430649
955407935
500184964
780348389
172230278
154250103
793491899
257222831
962373874
314589534
883205839
691568153
243913300
62102729
114972291
663982041
512866871
561201725
804064534
932608990
772142678
736039780
325768764
676532187
621388501
70551316
767644072
293983518
977442323
338947342
925083445
182738921
20326215
492968477
670529221
860132126
894061418
896596341
295248860
289886126
99957704
76974592
570802935
286337852
458580763
146390753
6943719
115637204
574979349
436692543
703468601
848713757
852838415
168202503
457670693
472931964
245532193
497220597
319767501
975581654
300958910
706603932
216368625
604932257
891057590
686628397
459653249
75673365
668397002
664621662
658372798
200935919
963097908
219003657
569021296
958510987
98585048
927186432
173527571
492718015
738425615
856667234
666298446
95342164
401889755
85740333
711467920
443649979
743753093
731175564
572233670
615198974
193543881
435142385
877699575
283831016
828196414
456225498
127162055
644073186
749446008
592439395
7233026
239907240
803145955
416756751
525185681
472460639
643448871
754542039
95488145
875691383
40235711
885842123
692288215
142171597
676945772
176865534
770057695
464838029
66780009
847125170
400450042
940844158
680924648
490549915
66368746
513898696
574453306
625134860
23280793
263390835
1160494
588650812
272110903
724733348
734569511
620420553
909670633
288945762
252846559
590253465
390987914
284521099
884691614
107032553
314025654
790031544
175320850
53029132
901697901
790214618
469194070
840218286
587977154
829442772
621705433
666694417
748266442
369923672
785398477
862322699
699542901
605363736
958962187
502689925
468386356
378621760
549739429
914124210
650696329
140084744
657571821
927238855
650371323
271331016
959608942
561889437
752068407
349002224
343061547
876695487
315298646
917154968
166495993
795642627
852578499
115381986
22838226
81665341
386556287
820443497
192016419
265245321
735578497
304894072
349196031
172308305
690725242
413957010
78705003
921600749
141044734
21427820
641254490
685950067
788954988
452612804
443082486
575988552
461932172
261461446
19442128
753833817
538333206
804394575
878350492
725202206
345917544
32515071
304137430
773897005
737803116
661894975
532810777
383973608
29739592
85625860
891373909
5285950
486359742
409890355
849427016
542158078
233952561
784166919
699477417
183950213
951448920
272932479
979692822
616333182
586482731
285756749
483986735
82936738
145084212
97043977
287110646
731093707
492314455
719225510
100928476
674447962
808578308
771813384
922297019
774203466
611240884
428484441
817243230
445230114
17492710
455639472
312230697
312844241
679635568
157129944
722553004
826989667
937885773
838264987
63015027
459546150
212842396
261143114
879580197
427601037
228186781
255972025
47078444
589530700
718761930
90687035
805753837
258149087
556986611
410302983
765522168
140249079
699348021
309643980
457687522
597791781
554925762
771478374
37820172
523913305
668162698
818422041
912969077
798726373
268157887
608181957
405922446
203351373
893189844
195336547
321703095
729317521
692503870
724439954
446787139
345804358
617553613
6469900
514305453
2931525
140627341
469002435
250944067
992945651
726338071
241243575
88769162
687235608
610530678
438069905
172225262
442004087
78891391
26698067
726719798
651695627
475455947
102471351
608177078
971173005
342517469
232876108
196179141
745541487
541189721
776553397
157330313
933058021
993918380
134598506
827142179
374234024
748004611
335938171
884681418
135206833
748361567
460484504
118666763
24611689
831254485
319681746
423890854
903674476
372753920
450946612
148351009
379418393
237642028
355110256
661743716
547663848
325346313
761891332
285581563
593061057
72320570
752030841
289402291
502267816
879599272
910552418
732685927
847985455
654118461
463324156
734482675
483535562
213758772
493369718
343880511
847628831
143640247
261210231
408386157
55713812
774775830
23408333
928913347
588227446
300102587
354081247
343696242
741918835
624265981
308987414
515538728
97108563
910790241
320443680
10204903
3914989
770444056
291177265
493266477
337301891
774967319
889700146
461097122
856339551
924481587
414421781
494406852
582040760
567760081
800881651
516574516
117443943
998687960
527756495
629319628
726992686
183690211
806315135
325140642
764026520
525690386
944926189
46068905
5363672
138280840
855448662
254069139
299349424
914870542
809722590
332326249
787999159
341854834
299262323
148420381
37147782
312839922
571923370
571473120
562373814
423987312
169511519
471068844
66507765
69833077
396893307
906045988
678013342
576391247
173659938
145127724
876160554
30206376
498133441
970647377
638057656
173739639
700086008
782974433
990984647
54490909
710211929
600670900
116592875
426910898
438835579
604374148
811808513
875994429
176760677
700494365
675939835
761682009
224341045
64938612
895267556
549407274
230614559
35270778
101652328
543050633
424418816
651737945
448062299
173820569
111893091
477679983
870176145
883433975
206986578
38597865
523281940
239189803
211672792
521902700
865595871
168464462
254299605
694288323
762862004
554168121
991478798
370503638
449089702
428689199
392993738
536807184
13887192
911743405
897395824
111570556
480450060
87679418
193017316
219970169
227587120
736231744
419618766
550711167
140312987
240206449
833318498
540152022
819481677
385330563
547851819
143661974
202557812
345519316
296449024
50688167
938260602
972228130
812302733
617504589
589514932
432088021
599982994
836825162
716484176
387659336
98783031
310481324
64319821
270015403
850881869
476379198
71267904
531236203
989737926
747540428
893525766
29785560
376444368
222358978
110604313
317729036
291324475
883440702
5593561
382645054
658213998
365669196
918795738
523534114
674022055
421091184
528334342
66007131
121842786
981853653
333253676
895892762
447943164
339522402
633731593
526501258
393457562
65284267
787142457
391625553
816145549
694891126
477857067
108387489
337178570
13470632
533774359
750594563
590269503
291117885
860306461
953694578
948612871
737189853
970630205
470562356
552004501
445321740
687260670
754175410
342855411
23944719
11255629
405976831
852613587
257522464
854667156
924805820
211454076
164911995
809360209
527313
46392353
268116227
585452642
288028141
418842824
353509790
378210681
650899512
557888470
795421979
115625378
211227139
214502605
992528829
586873961
772070535
237118091
597866698
184620558
949389756
980161171
217277792
994601889
839193604
122371260
781565629
342504580
36803694
232936653
888536720
259445698
221992844
964102435
220720567
590139272
117169617
886354315
812971905
132552474
522923982
446584317
580296681
359750329
838008423
414213181
45729017
429284452
406463444
239912357
296040444
815092756
575204111
472442795
632102075
867029140
460503571
559449734
928790837
800932799
682966964
53937786
373509532
125219993
443306073
565735340
250877274
40161708
715775210
820187571
560772225
196372965
741573881
245183844
405505897
596753189
202418681
631900566
663892759
401770445
458019822
483108978
798233096
947357878
966760863
45828261
857403958
549887892
865844908
308776439
821096626
820785996
251920264
293382178
727144193
554032871
358536868
972407008
684496123
862514394
398878099
924902031
712759892
702199384
833403775
194863113
403682238
232098423
814588071
3091527
577835267
30748757
847513710
642734528
698497794
455488970
95219269
36014223
433709811
169858987
967873254
397628130
373452088
65433568
204586932
643690688
381269322
455270263
559298498
231
54432231
784288938
151052154
308054098
771897330
833445967
806765716
171829725
330202847
33381449
707091008
821371161
903128031
679774483
628361771
919481663
894220902
738962709
632786794
134699050
304594779
960331041
923788928
728314517
372591831
773507
783544702
783837670
888894899
961407386
409761901
592291981
888367900
164216660
5806767
181718086
117943237
588796916
902994830
421568016
395411342
734962685
318000518
961160165
515498924
346720117
986226253
727017285
799958096
627236763
397786534
274833793
241764149
372838622
80591226
946155644
748525783
591956256
432531600
39213571
853421030
501117
153424129
163724959
426858862
258268038
675904139
123282193
213658789
774629314
734458652
760227912
397545470
487348823
730061704
936818020
318980855
37297906
277909235
891889872
909458369
213230027
822676737
101203186
42516551
208149949
476765754
603498505
927546811
764850391
522008168
665203187
907111849
965192940
130270588
139605538
239032543
524472111
359413503
485768773
785703243
757493570
592477392
50725019
246851770
450011497
143441917
42529256
375075873
359478816
501475251
12305224
583625201
170011010
280808491
543250370
799505509
6176247
130914429
718215766
184978598
23718526
342249638
34817622
70243283
423814150
676136963
684300452
697947199
643910697
771269485
708680711
382334983
835420943
825463891
129657882
983531956
432447782
955691996
369095211
62536619
932309440
393853623
595604753
527146891
142235968
35655787
668878362
657982943
544306362
560915528
249138886
250337543
902118056
912202101
543501439
393703658
113299442
532458262
326730024
543649000
127665515
662880002
803650602
688946547
312876688
279234522
642824805
285782473
436140202
456451621
446993259
7067848
968084827
272562314
363470801
826921224
244406751
331390761
301118604
99717192
538557030
320361192
867239668
410061675
776355067
885284784
34797720
636648968
441419219
522285782
429607656
882312603
960043746
933600144
622347151
313385102
814591292
512377231
430851416
341165435
615872281
685819656
29377108
804752233
148863658
257574915
728840305
407546299
868924241
249889092
8781239
642780821
415376485
285352192
964838941
594248518
227382393
326060069
330756765
915173329
84189796
410411026
393565127
40457787
984968233
901056160
747687841
575885732
460511943
628534582
251372828
489901483
220667000
325467115
291777405
69646680
644755589
640414552
242437789
579508127
785753168
564774438
205785908
53016593
676859878
589188555
184481564
160820129
39729514
991804824
2263133
816445326
682369899
742058862
865622893
29401961
918451617
516840428
796051990
875083279
690420573
240435993
636619635
900563313
852849364
674334295
629724437
894340037
508825881
947456416
500164687
194619008
493491317
97402718
770884191
861619791
257571660
453769492
537132731
72518735
473016880
624066836
970682747
57951537
202979770
682586662
265977598
282436097
322935312
812434167
152180119
343277422
894966989
39487145
655575409
948058733
657694297
236180176
231936367
549544426
855671365
945147596
686616833
959678985
834793428
455269597
100641650
138815600
25387816
89951409
726027891
538648730
167666728
603175696
30263675
780292522
982075422
330862842
243815218
771001191
465801843
228707015
965546427
59566128
271127582
5923468
904890679
160124632
633977816
822407958
976666725
16216727
317753742
351437697
196258038
146509086
422247909
543400248
726150549
976758868
424052856
137837188
17002787
132585961
954538039
425987171
457826165
39342400
933338889
774090048
618281844
291598306
150252787
165924051
667129786
855387368
272983453
823303997
54032618
671525806
566119364
816117741
588218840
452354864
559028058
13030530
918217013
789682266
230786812
846138857
337902911
313406253
461027509
848428911
112482141
761544254
397555610
605327293
270513131
713598569
658350068
937098795
279835297
961287562
144067434
497985889
352920452
106874731
219325036
585042915
581284342
515461058
571884135
250758225
336310144
668390014
728589587
665741453
828986230
797003079
891685113
206054710
50436991
692629941
521423124
428766803
613175045
567359951
222853719
973836590
233104322
82914469
399068914
901722925
291770916
539450126
180417846
788628269
265715731
486456057
298515547
241979550
253067699
463107086
551571119
806529098
491449409
872631126
89379774
259358805
26355957
711820769
198967598
751127899
742826732
422535530
63455302
329605555
632443531
158905358
356646653
594880130
225739114
182233708
922541246
455690946
584329124
976216166
895799448
257877045
711884723
372284067
399575215
961890277
813997247
81782838
24909297
292968450
893904384
144750477
237981912
146411702
38473506
983152238
431701849
893624420
431071309
245757478
514542477
402530430
327551800
227296029
955722763
138440879
972019925
577617975
889710307
131533633
686201300
794108987
77255034
200084573
906365451
396517480
904715445
18236075
704201009
228541940
336308599
703968830
521612944
729654993
219457547
463909304
79328931
975833001
802110434
929923266
476701762
772886047
378156473
64917430
756771306
721527562
526102332
618759698
671484252
820035110
92310182
41488313
223209442
397492005
229122923
714191876
818313745
148920006
243293953
557335983
602339148
403784472
691773840
639027486
738377061
416295762
302782893
335331106
733385980
398803415
956994576
429797073
707131186
780940382
787877726
613491192
68840023
77791330
501509979
821113109
778702876
277246119
138587562
311303903
355627416
737477259
103775960
886987699
294881115
27987449
866897574
282629767
292187560
870702516
429191908
909320431
937667403
385616650
617984409
826302413
912138119
142668720
327640633
62890667
672308633
627560730
904682668
398385748
869151307
813755159
685260185
75909423
600460519
842912582
319635737
887328378
858569432
446082599
609876279
29092741
452945457
383714526
406548362
657707775
9745034
964549129
826179233
911065955
916052967
574941508
227881086
981938418
851937339
854460653
710349298
81036934
40063679
368916164
351592939
270861091
895293891
314404846
840665969
857029899
441263465
887752004
53780447
441713988
886860060
827833787
146611048
699161774
616891141
891663988
194878713
639994577
797382992
276964323
600686575
789178200
847988012
122511824
946495833
213375349
65798953
727966172
670493769
766712478
863930865
590874532
749861145
695281270
78656604
417078786
606766951
550837337
258419746
834327577
600839818
565435133
184522891
584145043
451218461
422101163
572610408
573943554
874128313
448638127
261990135
227181907
240390698
927103526
355645897
884755977
368408421
219355101
389580410
725722830
178976513
608737123
549811000
407677815
602364122
214025434
827247771
623883727
548591356
941200475
477129306
191114873
604435606
819037212
763215122
133481241
81992565
7112113
637741471
209355221
650509594
260323923
614295329
459348076
508321624
679648318
635648135
950097044
321568018
327554260
372744481
125465040
505245162
162089595
443411650
942212807
667737170
179198411
279456176
449390274
535523116
265842996
771413241
653235233
61093727
362168802
766000805
282346315
873003950
510145013
365470586
346375411
69168674
744771392
817650466
743681910
406734889
944419967
820885229
8453922
731796404
594229699
207470587
885430963
125709051
555790085
275772121
451224418
674660734
188550848
175952208
623535658
191345238
525268135
611007878
325090461
329140541
905403650
97305580
431493433
828300292
427895699
710696244
26752851
835825515
151773908
885572907
165914598
379631038
615516585
286523624
40869801
985024721
490326109
915360828
71563976
218381841
806918205
465629635
177365813
523838241
441199963
74674162
775313880
684437456
595572844
79789717
170140870
734988808
765843858
262423281
712833864
489442709
648893533
710021545
363141325
139307117
628006445
105938709
277212159
328233923
936189060
633241412
71385545
172157179
793065035
682445508
890622410
666209263
611826200
306468358
223357408
132192445
851709330
124034416
295967406
337968214
992332163
889789550
162663204
210013938
87087707
72600292
97015610
140575519
628127810
14917614
363816906
737548310
109767901
935099059
925486414
385346978
934424248
996701660
165798870
231225176
62394510
508195613
836090425
384154079
423295760
727924631
923360141
37575494
912455917
353115861
878765334
541068845
760231195
170601938
959972860
791147932
490096940
199914526
718725262
189656665
346519477
650612448
572677286
50610171
828272576
260372784
796316115
143952038
371245560
700529890
81308423
636115199
562306230
971796775
340738038
67450440
228830978
364613412
764601357
954043332
239305033
852724524
998127724
174447352
883826664
892236219
648960208
862407111
181902531
467663306
131773584
626848333
936184566
397787159
397236127
589983328
325322663
746322313
991025806
267770710
223844920
759907934
650893022
310383284
689811909
244057047
575188465
975728056
297938229
145552004
933501184
893066815
614886348
631476943
202341781
491252734
52244546
205112186
663230124
630241964
890953663
477819255
914634260
472664460
351414901
231976736
656699556
166821098
922277555
230902729
471650764
611087646
384319169
776498735
107159693
544948200
821190566
610750880
761228797
484931012
841570279
184308940
870538395
431633044
617384363
607583168
235748832
9017985
331568825
999222034
730705473
59059439
471834772
110085036
883401082
43598666
163533851
580791095
369620734
672357164
946152632
547462703
818936611
351945817
921320481
171593085
673328551
108249044
785511190
521878752
785983702
29378908
421798570
684944980
795113045
321220280
907780482
827405861
137119427
620111149
241676669
709618745
12671025
867824053
178671719
918423552
762488184
714271499
812039565
430052208
509095016
965686172
234595995
284979659
978467019
439374848
791679733
605209561
940796175
312305522
408806828
654185484
393203357
381017219
616655041
712173968
185677668
317807046
858779591
707519268
121151853
261497787
621715043
303381746
756606037
956166217
612166921
255658450
824581888
489397365
338277861
173945544
771628484
98269781
240119802
668116397
179992058
523503708
156099846
596045307
471096170
499000887
770956830
527151732
709950899
592868995
156280725
183163489
788949697
451244831
815206004
394685875
715242898
322206502
342657821
7834319
616086375
383815103
228567191
627059631
122501587
133216866
71132351
768172372
471958701
810793878
104108296
554639826
974704208
814026916
393933186
326816021
607685965
101884182
169538751
897402659
255589862
301823007
489766839
172450711
404815344
735614701
344954045
4826609
717457666
61873114
886962262
339461031
803277168
454746990
157898057
764518353
426302562
601811635
457889864
73786781
163978949
913183608
933370831
916204344
273067961
112929541
284876495
577790836
728030311
673758823
265388309
793019984
951463461
10626397
467235980
937277795
264505516
327034953
338296424
310172134
556325286
11519406
652471150
823992876
187182441
84434901
466969631
603372032
353163732
317461158
185878008
938716000
464856315
366481049
163079262
960967243
22451633
634439928
489463917
855977468
547390136
718432304
93302878
588193638
114123963
206349144
328835176
291424095
995158345
243442528
311621537
120683798
638244323
966998549
1781357
443462794
379148690
521118081
403701875
260145350
165181541
706231815
274040112
549154708
705693460
539615704
880385836
741059610
207561162
681201627
17427771
486587627
853921402
304864767
207028485
175624286
581492330
393481390
611362911
839098417
574802150
407117678
776770376
617380611
583566813
940440556
654218016
95842053
483788996
609192115
266732210
423059102
985898200
623925813
932837712
727181132
157325464
282005076
579180508
543788344
548983228
486411824
885371862
846702155
392957473
951714506
193643677
673571467
891496679
594000616
874613253
281587357
601500161
780571161
424995242
914941016
316077867
857000427
220094754
810339578
353856253
518770992
296322952
598101475
596216383
971763561
674737373
61587924
956251635
696315788
726732209
219025391
146337679
886152661
700852476
29239919
234027002
127699799
899993414
416639214
906048305
975843158
40407985
594415580
885283561
803670614
759149065
953592527
902303658
299504827
475361072
322266350
958175959
86690179
256033024
839632432
56086979
404516780
591846390
935186123
138117479
937104211
770738417
956942988
290905342
694931498
818351501
655811400
213173460
52910571
449614351
798820697
883828211
476628370
579651338
814155934
38814216
5474447
258458053
612025892
57540482
757767790
946159156
495689695
388824395
912281313
310506888
616782114
781711787
236167931
757923604
825270675
257378173
939252037
838437062
876918917
912663796
642790926
591633622
888673285
324579933
707765151
463234065
503930087
477446506
110362923
288023370
930450252
998245037
878308212
281485994
83421760
306402405
352148064
588681453
590471062
591227819
690224140
207891773
24503555
530613164
721168484
878005955
75263846
178395002
361860596
8726324
772503670
539795525
681039564
615268594
100510634
568867436
600256980
565974525
116699390
406797902
253873511
39164088
325617656
381573836
370424178
217879516
109834085
115764042
763340846
705521129
161510578
299290870
694731594
979817622
576433606
355198525
300621864
909758333
273966185
943454006
322453994
919937387
995318162
84443586
810733061
789502998
351435824
995163128
811857333
503890044
502116521
335285932
455348312
103028027
111733228
186053055
858363352
536964927
288573881
564718239
342506107
491725930
962416093
394402993
687330278
59600568
628365191
514088043
927680125
142113153
888161430
833648786
782630524
259125353
854969650
825832634
72465469
649582330
829894642
636639152
788027169
98879880
94431369
831366422
727602502
74550287
386912380
599869602
139858868
197515230
657641147
92181183
742241871
495516230
118046648
308473858
354895375
411531571
704789327
221688474
803720830
475166957
445701563
826651987
668606914
271360192
740927297
956396576
37799271
929625628
137405469
261251409
836491946
96858686
478848254
252674052
914756411
8818660
310102554
571190763
775210373
992874086
117291107
236186621
672552588
368871694
687152569
405257866
161180723
130270343
208401851
445897211
417731235
103248528
466600867
238157144
911046536
631315843
40008659
790357500
658414160
999510584
958539755
996014667
517558185
503786673
547835161
69314065
782129667
99711400
573379784
674042782
191780023
488302931
910693612
383527174
129422289
435132546
310940306
818700538
50838734
633009691
240757814
72237230
323630828
323739778
396232140
908350943
601871053
811897388
141322338
100636290
500620953
401131842
475522310
203689216
40190292
965838139
364792154
92702449
477635163
482430495
892445139
684602352
85255684
524698616
816597162
300088295
404819679
814334781
568855653
165704778
560369284
640641087
669108377
148476028
313821138
732986092
361640508
524866014
159003783
3559024
820799288
683912127
527005385
419757146
89596328
742536584
281655831
683430585
357178518
728246117
129014290
857831527
26370520
825026533
26681483
802161730
985007088
680641687
352991531
985267558
907347112
922560811
116569266
885957987
667316284
997569410
303080120
190025087
394492658
776527166
659964899
541973134
534114892
810730100
816304487
406349388
10895200
400996501
117221456
528916052
648078301
749252206
24204779
471118009
372148536
786118564
68835945
80576553
641505822
156974084
653059966
898317596
829357905
141339680
520451697
990438090
475473338
926661518
229488720
380729966
702420152
191008355
456039085
731175465
159585298
40290129
28776916
199587134
406579791
349994712
941242236
655508001
285971333
977483735
121721890
379134771
656627004
291274997
483717511
15178524
102142668
642427681
929432634
931117405
19903707
868594155
145064481
773578849
401728182
532149945
688575421
828645215
390574761
821840162
599381248
412392332
643869428
825325289
80433308
42540951
501108131
409167716
381252691
293001373
375318328
745411702
151088154
483018512
121095148
855861706
940767716
954082127
304402163
164259601
662123480
704541716
555582048
487820499
584248521
653615121
950687861
733861380
775231249
236655763
72270325
76370393
987018463
463169371
89649150
281866578
958197674
283733418
982912493
618853113
568586959
159468143
577220340
911100647
258479584
796525268
655624520
79213391
458257875
590197335
140225710
557553434
323537237
526540647
299575543
877159384
130572404
276866988
205085878
687383522
324399367
400667335
904008805
601935698
778450774
78478868
336177967
415635218
677187810
953686101
701597037
99353988
674582199
423393766
998145611
547445861
575213446
170315003
510913257
455883730
295788820
586038187
232252913
519795308
490666205
475762236
538265793
183887668
131419720
447234507
991712928
265376758
874901395
458099261
788587930
443911893
853069700
350173018
611941412
353293739
622434541
987248168
112089203
705980954
40370811
597881028
427084891
680307477
670528408
29988895
858906890
715309721
593866155
47059816
271670058
213759729
795575090
99082411
561309651
575310623
712161248
496965599
252080722
969361235
465673368
40984878
588478645
291175963
707770007
155891912
604954582
918808058
36620654
795930801
48909496
920160459
339473972
181383974
996604650
314690442
232782403
359521161
683807807
207718282
946349012
949604238
207253088
251444747
815036780
805286125
353274413
467555157
770570289
659567036
750565660
786308206
278345728
440365986
776350791
665907990
91269495
528967816
320625672
998454507
704399728
465490421
656138273
419776735
820690537
699315786
665605990
454652162
24049678
751047392
20619730
487850008
977823718
800842243
623346907
312145313
88629391
104096412
160920931
135808957
237560261
318931705
799525965
862648890
430949734
539777088
866643856
990740468
530191530
134712623
725907029
133171181
137905859
736334694
777448810
852578489
586702218
460880701
828630226
851460428
804674109
81731089
946120979
556661105
706491132
289589053
827356771
222736263
409009278
713328702
199127338
831119562
904833880
569758809
70037133
307674554
226692716
383889754
154629183
737441965
106336763
936373344
114350915
925702972
264846841
567220030
800003428
564920535
750706542
288000207
132221573
311104560
910836200
147062103
240071471
604312005
716814775
177691908
25740194
732509073
703635346
408243732
267599155
470731455
457545041
893520633
912156612
547418097
703326811
85692126
648575693
246483277
836234298
306756141
52397544
167715519
275566437
960297606
123206415
385294006
417569710
39078599
584491754
929609276
331297451
65071019
611708948
734348478
632777058
788697350
40524861
649601370
885869648
901946032
956810089
638753104
222949019
21130770
466375009
45956870
541160674
492339860
41099074
633145367
113897743
57434632
197606425
929499452
200796618
724756815
55284112
149651875
907375429
911976759
496842576
811890198
613761521
847772483
353974252
166735663
237463984
506193378
20256607
587515062
427938727
788450182
950610246
759495202
986967561
330000810
422754289
714603758
355306768
638634422
430112627
691525888
294338910
666786680
935697746
33605732
248194424
372532482
958745229
625540056
702066085
947671314
167037528
178249138
131544261
896739788
362222245
961343776
103137207
857830706
142988233
167701636
828366515
295116550
963456121
279084213
880893306
973852283
900075988
231657778
210382715
28404132
613594433
381124227
653716629
356493317
856847264
260986581
442700859
501817352
997973833
86082567
23364453
140685869
440054138
277706057
927311598
842891555
760302379
984875901
131365563
193673534
458510781
492566695
301304683
891449007
607710397
915566171
712516280
512754447
674656909
508344463
210346201
590862561
560446367
765021456
791649991
237218174
740819758
181666732
580375276
382274423
523246929
259069690
658411080
49444042
799725939
121476411
938171467
586835282
664594992
86427494
961207544
612006566
541154791
819879591
353882280
371195673
383004209
332581674
281532598
622840746
888809664
567947333
653958377
107630030
771436119
338419935
539492468
988996609
6119327
647247941
293209147
406604398
388797411
627474369
582071315
424023193
579175870
898283411
571449472
230336148
280869039
726538290
47648115
352708586
213950908
546450756
987768508
871480098
366657252
47044237
618802133
765429977
681719025
307905114
342688591
712327929
524666557
955953576
935497822
937437919
759655997
925337588
334752613
735918924
196942152
342028321
216495823
211531515
21397368
518430068
474160416
630137480
413354149
977272449
391462637
663486757
628342076
311403607
429598962
216770576
735532260
281884284
740080498
179643966
307298032
93719728
623324368
935950967
284808791
169654548
44788690
106907100
423371132
857269296
684354195
486336645
736807799
594044477
622638144
374627712
932724005
263338852
21178282
602757721
518093434
656570157
756271524
849751008
485780893
945949686
170804026
395720342
772956734
118233552
628064883
424844417
984021996
733497768
279851093
705683157
652753366
677758677
300075496
607461940
148395267
634304590
293262273
552648368
470685070
313726023
519234447
971000515
350644055
352168076
298009086
834264856
479456069
713057928
347486639
466307870
460545334
43494822
771201607
291535065
389309762
663598046
188942338
243344580
581711372
312492708
714410688
2660147
922308730
89672022
788978050
871199896
867696699
362895135
83487851
812650728
409933702
610066199
649518665
112303568
276273852
925022295
800536912
4025481
859064132
616619834
204788212
713163386
914439591
47531017
495081082
670925705
438093682
94537165
7194431
541682213
376015739
245049292
833392050
141589052
190115530
735330558
308854216
649940015
55591574
640071595
919750531
75246973
184337345
368809320
917682259
444982233
751018751
106952965
48463262
709717925
512172817
711158564
848047684
630144032
435778999
326950898
922062465
255359809
140114558
70537772
158325795
406159579
381663010
487756221
851004847
123119968
557913487
99896579
446562135
840149892
666009048
52800927
201343788
594169682
483606453
568529032
109612216
783943379
101001275
701963915
481191281
287622961
39913489
100322830
147120224
366425686
3919063
501636878
132724772
914872995
528155533
654567940
7792222
741732898
925454447
475082144
430835685
317399880
578171837
150717504
389858137
113662158
579727187
935600642
667039432
212519187
530220000
292754798
889337223
371253350
972142264
915808190
234573963
24236359
313535132
510571934
817562221
610333023
450500902
197762613
28749003
322295216
334151937
549765616
779744524
903997467
671293168
189541984
879070370
272195135
250624346
680482903
304539715
113085413
747208549
63453417
862125090
456806323
235339842
797321862
75371007
755633847
408737272
441246807
630275514
698815645
897496282
279612818
314826041
358932467
708816113
633085609
103658858
635282774
653139225
215584850
122048920
649336682
753968668
342591429
217021261
690467533
477887777
53765080
736585897
200261148
233896609
635305845
881351312
273962587
860107799
631349755
65442094
440837675
144265915
412689816
916861799
909021158
386394876
369335012
763781961
672376639
649594838
911195915
449445494
743946635
640522904
125149294
174687590
836656072
387143997
11057094
687397978
955383122
101461921
306315890
279532339
687043044
955236874
95690112
288912121
722668684
16858638
52207010
595509657
223273824
383301450
178461760
514141510
585882664
196927440
225787264
140983112
285334313
664440615
169606167
46630698
525669350
895498873
390583622
236772369
895461115
452779515
240101170
384869050
51970439
331626774
969948772
37575935
280870487
112065096
60959947
852292413
995312427
141021759
959111233
424857952
992090695
946393501
513143494
914979308
269058813
242646189
394369265
826780544
757957709
157139690
692667638
580832456
850944963
960584897
359476551
320182919
211989365
239076196
567146939
543580524
222598922
436454435
447178408
634821601
675196009
395778307
93902387
119422928
776136915
791945602
271178801
137478638
909818650
207749850
24071296
53171249
544125647
457892598
474913495
233953449
103725644
325045101
735495811
506504470
181585497
733421493
220916320
736299008
661908650
458449266
41432895
858349622
671079922
482110895
831124538
892564473
257993273
166858971
145377043
407561506
887618916
770196127
664492636
329124030
56020649
752358136
540259784
576639119
341884976
976846187
447998357
710437773
845397287
103518930
354492942
478553299
489465270
86167742
678335264
568558732
54636731
504805546
184473382
958358087
88106607
883799838
191132763
182869077
616869252
498937111
113189416
135222147
961632416
423140193
276817703
519035935
348499052
789098964
795105433
307809547
588176978
359412296
728714918
99520773
954163071
148995498
789890525
595290165
231624479
264268376
91135937
576998688
381388244
406908325
775998442
809517451
12675578
697958299
987581542
789850039
114169030
362940992
496927414
487821080
386323173
691205495
739626560
250858887
880529921
917544629
343468113
901205724
252667624
719830400
256422762
153222606
179891380
421615301
892298835
956671239
971472572
959738861
52450536
957060783
876154010
651432465
884781130
277289783
481397228
745063941
508608775
51094091
304774126
539102780
185924717
81869204
76590832
918714963
146613817
321872384
522876283
559390616
165760844
164046006
411803051
139031115
766067308
267058170
981296544
722055139
570441014
758754729
621668530
277737902
116969430
593112294
681291568
715790312
439349306
370395331
864252794
361231471
834990421
144659775
764823935
199227047
593574407
337220170
587761435
870099191
429257562
97011321
329888230
206312640
71456089
757953004
430512078
514258155
269061086
786715464
56598151
540101348
163214728
357782770
997742189
86285753
935394056
718407961
562283264
483300016
155887061
789295289
911445371
286452930
954341142
420834819
701711472
656591811
261880039
350675530
224043725
453099522
454082384
840699809
695629051
853484689
806516172
334672437
80457194
835080546
850339975
258745697
946619187
677531889
375357598
852336971
210400923
762207992
634330024
812498007
163689907
561855366
987102912
217231501
526326722
920356222
343788835
334548348
502018458
458841975
855159636
198793012
328013431
528190350
550089968
966063039
564328439
158615625
705306352
805529784
122246641
422010615
307162377
964435884
330925858
717375072
848248946
981616171
367308639
283922441
890172523
63659704
242322840
951177161
482646683
388543936
132423346
842860037
515518764
355810284
441865791
487237047
149147833
886488862
540627124
549059942
14899839
416318001
464575744
878013106
319782673
949446899
480375271
683007233
900591789
397521181
465643212
82914053
812198573
702280515
738204069
940042874
677034521
505686266
158326806
377359136
494096404
459623656
353438007
278123946
41632365
628088999
448127520
797823849
86496028
447972831
538477440
353247583
218086033
105919046
931028243
297068116
126021621
988489553
404996264
209138782
636468642
743150715
900469056
498277424
643119952
355179358
359193067
582326917
839863972
127340221
698558705
620631151
919825923
371867488
443699055
239493750
328886860
430200568
662961515
263077877
681120734
619000317
437483973
532674621
271076830
387019606
925303922
948699709
437847736
689850668
457291442
395464971
598775416
144408952
34429569
800718288
541223476
205237401
702707255
324705336
948903465
434403866
882861286
306118075
781508376
42616403
764192451
295361224
597268214
410513855
908899126
55739332
316699250
177672743
226771301
518593371
620535994
22384708
745189204
784608555
901171252
487408122
792397695
853949701
449350588
594921076
856625172
46415987
883437332
801326358
19670474
946349565
101806431
312933347
262626382
85675475
775274120
245252954
269240106
709723425
593654091
975020970
38573087
948630240
802936590
629859736
917701871
157389685
765518116
565614810
584576066
959071704
997494377
352259282
295025282
99421189
529243123
120330421
632354733
811680349
446876867
981933305
902071566
868233441
689623057
397504782
124381841
780875987
896931100
277143605
467006306
44240267
650820504
870303580
527186989
214092227
120945005
948525292
29932093
17814270
93319077
895999687
22431644
288287388
836480276
401521900
912965776
867548964
220006225
498301467
198902688
867400557
517933697
831083688
856870125
51059206
686720199
981784060
30157389
223055434
90059540
944981084
949741957
631928752
589152676
385985886
153645483
272256476
415222463
541577281
810251100
839971113
474810750
556622626
26882537
842451843
174384268
183518321
828830488
749761325
65694351
369128073
744784868
709958500
869264172
392626258
564591973
319079328
928546501
695490907
692449556
867604534
466554920
608219484
129940903
262033138
92469204
356382365
31868388
604348323
135814947
197478153
309408085
36210115
57352746
874140382
789195070
814934960
605676564
542425439
829443808
341534653
59100882
267529447
81298701
504031151
545930314
639327916
571809001
912358274
157158834
497602569
366002813
859498004
315142451
157929388
301300562
349491034
366450221
300889621
942121135
376618979
25051540
497960762
96544263
736046996
863845356
854489882
857342962
707528699
234374466
654486364
173117106
326000602
774329856
983308230
389779194
43683063
932127689
752024804
294576956
551720347
114857232
802458659
948835870
173422158
432745193
617438353
828882375
585386563
610807977
128010541
611267260
229380808
207180838
587113604
937422735
484360706
305822350
193084918
633064828
160216543
211714947
752269446
7056181
980964824
481402855
5840347
122917010
882905260
138100195
197078874
904090781
165277288
375355124
300561602
65461065
855823362
458987173
346331155
41753980
875387018
832340448
711739816
416848035
889981781
945642705
959939328
384044906
259610484
698339252
749208120
923461173
989124422
242042495
639730868
445870890
384437776
80529137
197416774
198114194
284810048
727815496
415821305
783199139
22801573
146570016
100211064
313155532
308846427
632447429
610093879
410082318
368942686
244915603
28619048
925967579
284143036
10814864
259956196
968378528
754308035
398068665
646082549
19032441
425279142
115146564
218600211
499949564
884140766
979531844
278609046
47463284
526655835
706922890
456546928
760395785
402182430
287565135
831579536
788004396
644765505
555319870
183652466
896588019
636006295
351070844
285324212
475962361
491991526
6877449
985114459
448832109
120456286
864585190
285086225
771904154
151177885
56065264
902883715
160521931
316880725
978032883
830011911
613992353
125413636
630251384
239015851
817228709
726680605
150754598
996354377
864821866
87700612
137093518
451491864
12171084
459778255
371554488
764976024
587037115
959245555
229836341
708475849
45301966
889171768
201589372
153253950
770322780
648414777
891711957
364714433
555115595
525385547
349559354
448190044
789663811
494927931
175529027
597121282
443495049
940882289
534220067
457867947
65971767
149572955
868877792
704957237
472815393
734078272
291825158
663661055
914032167
294955064
664459492
323052868
781587857
23979263
318714590
519868125
757069809
17388754
691611009
133660564
985601608
295420688
657651619
132552468
485418171
9014487
867644541
162206333
359102573
174423355
552216174
641912377
932059610
903012204
917741593
576911663
314321021
971445504
829747214
367175571
981076997
720608742
206600137
501288520
881863355
241784090
249021155
42475272
50210256
747243379
888673304
878249945
561756832
946828119
237071340
14134669
982386045
900648519
500882530
242970317
548465359
746264264
884173533
159033532
696454960
432460269
440863193
151563232
151893250
398023893
936980882
390522029
969960231
705139862
237641774
409622889
601326624
802094411
959503119
189661411
837961789
212152672
783242294
415146008
498205966
132081834
774495944
347681458
473117803
10074065
722388027
212652234
867120500
639926405
996909585
492205232
318440869
217226085
505431438
20738706
713173438
494224643
859911644
615373843
804271342
505244766
781914912
532653365
700957235
505560537
953940259
629747552
702275850
650479218
248017114
250273839
794313650
985745551
312486476
74059316
249365540
942717570
798391581
476172619
724327281
794237456
658521406
948364807
198785584
577985767
927973860
356476813
649499369
682905517
382467405
199620013
614451510
957619506
171372197
197594707
751790658
164158523
493816047
707572959
930365735
375985174
820128908
456044154
331632781
211813142
691127016
556862985
806562781
774548211
585461539
494878860
545713473
461803470
69087261
814532981
728943079
762962092
826356618
433996287
316932462
891384189
593335193
411145918
322734302
2640749
743568308
590805215
794264700
402581687
666949596
349691346
648614021
336651979
837847481
929483456
900005121
386686121
475541890
398823259
390626546
556400765
897194144
730889395
801830704
935363864
29181576
467832921
607481540
577867254
652588690
127577354
396425422
143510958
568827824
568234740
513499702
444307550
275278865
132741894
198157092
793772833
738876018
80481738
645657837
784904827
859668935
223161743
726230219
670006783
815867550
716060320
746206347
906834586
653839793
849414845
847491978
727401265
503065812
114110764
73475664
835172214
426968873
827500288
200417504
876149524
238637073
685819481
358120918
8677115
584883390
485355424
733614306
833536536
746255356
986835018
236737635
214947128
266566604
502912756
327189396
974747889
526927330
260334245
545461751
922513585
229462236
693662175
787370245
672475394
869888008
87022712
449899424
938878576
716031824
875120552
376938833
86122075
218236599
931093617
899314795
849720997
520920098
122613480
440509186
708921331
594314519
549869672
795376394
598577209
260575194
268556548
61438283
577956626
748281398
972164561
536012198
831058559
109799043
604339708
74080582
825142959
819833492
770568646
503932353
158794459
670646462
740944425
195583850
494102656
379689573
838420202
104225772
680465134
265509629
700273883
636852023
934040904
507883027
151088572
879456406
830170468
980936964
741315458
619429496
691860418
854541254
506108287
948247750
387743420
175404895
461709625
255401839
77412234
586608677
617920038
58413152
580211609
155402057
454196690
353688021
722577195
68968394
841524971
598492985
657700818
234730735
611334268
410981651
533920041
560083998
488483766
826091080
974100646
436818316
769791976
506228807
668577812
750276873
680233519
677692312
133758738
889695568
63899444
282503865
401529941
672694935
307279631
682941046
668110304
454647041
282404692
16681519
853922676
921556721
654798140
25630160
9345875
774310854
864118662
366597130
899103391
90656448
906470241
144526942
655558653
732363741
985752628
147669452
218285480
805854207
585894282
869484877
386608379
639399060
575744091
441394882
745023140
659878243
518585661
972519865
175901866
248348050
180422189
148360500
359358565
217808142
625532280
592903157
877457228
209248869
490852336
141327488
394833591
553870235
415174296
423852474
510347780
679137036
936786931
101274579
790676837
902943586
160602810
775271992
590599142
179865699
803680314
414773165
727180689
804534401
899185766
968304970
504460603
554807337
225791702
575502815
465741651
223879729
549202439
670810146
46424244
151218100
392386581
213782245
806261147
632088301
699047975
790880200
205966946
685508359
421813196
658445919
73645866
929436328
728844733
677632072
926594485
619048267
344021735
636255353
515493182
12819830
161132927
468737817
538602167
913020999
165735713
79531034
124334238
270488075
699873098
596239375
350783551
855416688
800265416
10174142
25136042
81766657
519752268
100152123
751618366
72845604
251710254
609886957
310494830
368431109
997084593
907260577
783664800
226833082
594562765
924166510
189279860
337244681
933672092
929860943
25204120
803957676
95295259
474288894
447023032
285983030
609861182
18508772
636612976
225673415
880936573
116461862
745552183
292563724
586431786
239321599
213902918
860829477
918646341
558566389
359500078
594924966
871148554
856112330
39145174
590972477
709395383
186050078
173314335
139006019
556587620
658338351
268420896
438239166
869087127
916223039
48844867
390955461
235054010
715796849
671227329
185710618
820056404
833061774
205581002
285518208
878134701
457680880
998012372
150633935
741682132
340588661
315487050
38468493
649146285
92003727
516835367
903624780
475823172
514278977
671314567
932312239
586203830
594030864
247410205
313985590
162973741
614867851
193670431
525087832
378770554
912997315
582299396
885963538
78810245
664738460
819299521
505773487
156169747
914186295
692973256
594397795
276204603
66578185
363115971
534865124
771345377
769627131
386014291
804685814
311140489
378865735
302788977
622291316
609461444
522774490
582937209
884325214
446955443
567337024
407058708
440931874
18237587
742183622
8178023
143216059
684006821
604301430
384198024
56407368
442996912
582114342
723949557
662955152
932158329
867735391
95926572
737207932
151240981
248066503
22517171
216294132
507041525
61942660
577757068
982612513
519371596
997924944
667776183
680143159
309144220
559101677
602619293
670116101
755427101
165407214
85690756
690743224
827321868
824457424
434677569
377941526
618637005
99594225
812720766
775832967
882150809
471307698
344946003
577961765
857037369
492389805
731164175
302000201
804939405
897201813
832774919
384235312
572120837
248960991
550443184
682288003
616754000
745361207
899525429
87942796
276736995
727684691
845678772
238572151
60222462
668029689
975602191
695611574
348247623
864231224
933464971
380483784
873516572
486837361
622429564
580888280
551487221
55814632
824222151
357513109
76864888
258786238
105051548
549690085
542176372
576712746
999402359
121767587
762626645
247690296
966881344
866492765
113262671
607996434
375744493
474623877
192543351
361279974
307921015
694614294
583094524
410914306
765041704
954094741
843183032
255665217
596479418
159517696
803838281
10935900
338209423
610251524
705659327
997229233
734909095
542420730
974810951
24528679
896331738
218551573
603119338
829208924
765916053
153601730
469911340
13746899
845489179
96994294
931051274
409434006
707793764
271509210
959236088
438626642
80470739
577119602
270005442
114787465
158851891
310862815
35143626
455400518
372315281
221093165
170890589
844983255
176630476
677492497
215441717
932897641
365201097
290546508
564446870
829122214
77521049
194934696
389014033
217071927
490551235
552724853
759155909
860297459
867758375
207094483
202680333
455071169
647998840
114292948
259752665
874233850
937522716
972747497
884598541
181178393
94412236
244822408
81446587
191677708
55645713
374721297
567534234
661978771
633105060
832096013
661936823
171275159
473256019
706436687
259969970
248225156
171552990
547694686
532444109
962295911
842004902
787224294
438313841
241936133
392459113
407503289
146506471
215116098
212792648
229615040
796281653
33096808
380854929
801827209
453745314
525893288
909789124
648891369
700458736
340755047
831198077
57014303
565012630
676988736
316579558
943437273
593589957
839551540
33274037
416586129
391205444
524541590
391881066
466330433
680527577
342354888
951829443
315831751
228715531
273385959
527799714
849609966
984265926
516561320
732996085
65716716
456277609
381014132
595971026
351033785
53848697
147638728
548110210
524502593
797929291
816868229
807878076
551879161
795729430
355107437
210021816
967095950
194212457
774851118
895086701
787070356
394219391
7141590
301933130
179070555
356020071
646334476
800417961
603220190
90807265
15608622
147739017
442924904
387620736
900754952
562424812
121810541
368122134
830337039
321220517
21837305
398926082
978392623
61360901
918230334
235831877
178412686
385700868
395219120
175942120
723570818
185462974
211176163
105635586
249905094
737807395
889705288
718993350
560498954
21449855
948085733
721708318
183462828
115258824
557357531
500158669
554425707
258655479
531329469
384969452
865117260
174262893
948835915
376049307
784776973
857513162
738988723
969637818
117816819
379996952
538087301
989637186
725593796
227472897
701394476
763379740
738060344
753013353
481635493
257731725
992545739
342763911
796616958
886000942
590714686
689130664
235488835
113199654
65131046
757010889
598600599
344887570
359780749
262446295
759521020
64322049
642858305
883110568
913149769
902062378
674068579
878141267
862611150
958733154
431524085
321863090
935601614
134688202
260590133
939660569
870929866
818262083
72568091
457755398
40354451
792975070
929367478
186606498
860530221
172228031
696938194
243869929
946974740
996564797
205445495
738397783
503392862
983283828
557084861
844989637
495623160
846699060
235881485
652446518
201626785
65006730
684980072
394555111
768941023
266034922
355400665
71146134
648727355
219390358
104486949
509283507
367992040
191577454
978517797
482443884
963333745
328743037
495048087
14975475
893252168
33073338
952371498
601075126
29133251
928217911
802021753
290761368
51484289
331949652
501614804
7477161
745557468
837850387
456485738
87939531
495466024
287842696
305174029
21426
73278141
608865978
117390182
627596118
525505391
419798047
736362614
148549693
842681306
521737916
839176183
675604993
469653796
905402399
580855677
166571735
4427953
871219453
365736267
493993683
586844536
945865259
426711687
851041457
315311946
366520547
471326623
465350981
46613741
459965237
938888293
419778206
651495702
904232276
908804366
530507920
178859333
286671070
288902351
917644442
517706054
576921384
228468924
809090329
437781714
258541556
749671542
713203957
866936759
889452898
317821362
163635838
496004149
790054882
590237099
737059829
954228012
535084531
930578780
59338332
351131426
686063871
959829811
305681796
107602190
896152941
69943955
621102384
873419449
493612917
828384224
442385181
111155707
550188545
774290077
268462556
914920415
959221849
413957498
342633071
745842154
257611051
568227573
482161075
789311378
560724705
295219215
546314800
924810346
266701648
150805520
60162383
406182098
623996322
934513087
270707104
76252348
57533456
395184972
648246331
6126796
347362884
297904636
307794297
245071462
680377974
687866199
245602421
847875857
720775361
607824528
986305253
439503339
571743434
575867402
851264760
703705050
884858608
886587476
982865024
347545530
654374478
908708719
406429283
376025833
641743586
186159986
398914902
973970477
779568130
555257978
593592471
481158723
48974289
264379538
18542932
666866168
579405208
872665962
55420748
989136847
679235374
289030759
40684602
746904403
733959002
153763170
205356005
167970282
858758074
647062424
468732651
927396643
694035753
566707439
832567768
218828666
239795432
989108617
464986885
648181415
889157703
484979684
92188129
156440417
326514468
576047215
935674906
553893718
763847371
827856380
716938571
509075555
5452470
617497186
896272553
176956043
274536099
819430431
520084143
403192210
984871684
479420616
937027187
670964872
558912168
353537776
271034690
664360708
274146057
513118729
107607275
67981470
734838036
34140240
915342307
811174526
431150486
326965524
651326860
731197725
851110326
276529722
918765140
482929330
231935364
493421133
844915575
614806924
741980369
244324225
354851655
942937377
443156594
368842973
967840601
245053333
813683810
307010418
543261714
372247612
952232014
460927890
74347424
641324393
511449286
666933189
883185467
89752636
885232952
700811026
896933796
613317291
421671491
797425165
410866761
832335657
964932688
557166431
552883211
23807182
634209325
516670566
396452726
968263014
184372336
330682614
76360874
747894972
19122066
569856631
930579196
791763665
693501735
652051951
828907224
348769640
980629015
952589363
561791077
19442604
881144603
733198849
370759945
183463341
646314385
632319834
4452167
711602731
354066872
915123316
464404907
610742551
154085694
644538017
446505119
424305987
21583841
403760146
436494367
607799417
253399805
73008260
787272747
439940347
500892076
399631882
262852015
526670183
8351720
499015965
797745003
959662268
774076493
508372512
796702222
790216107
931275739
465768064
212787817
789179524
630791765
116503678
857121114
745969618
222087827
893456112
293352099
505237101
427126574
504016123
921394589
258171385
915022169
588319180
46577988
846572489
911642741
793181566
25236752
727963817
786527474
292961437
835882025
396426240
278081815
739173126
393110088
934587508
947255520
182588683
555972138
733974158
203778961
511416213
184575006
467727543
639862980
932020704
794662600
476741346
299372509
251866030
330334621
321419965
819494954
619206835
743102955
557641152
801163178
791932522
912572549
788739635
203979098
195915025
3787622
303853142
162820582
70350520
390804249
785771471
383811463
282942074
308263574
359814921
231113356
540850927
536333806
200315039
638856703
316712613
338696733
906036521
39206733
588367527
778866955
973492760
579569944
182422500
701520157
974071868
149802722
733244230
523281
261474110
401321050
139844075
193005412
859295857
591724970
535673928
898655758
428236697
868127912
5101926
75867807
470016321
551270004
255550646
104984437
943365170
333291537
798016760
8942838
713496646
83008501
498266413
262441910
451135029
953296456
800981914
545972209
891733038
841909630
653357203
80359507
912692524
579826823
292485107
292838201
729581059
319409012
30839955
758427189
554625285
39592996
27433055
914695732
878693332
62230340
75943715
975509204
154724030
156837643
861921166
349416701
375333753
352428173
450905414
19963996
38517539
376539875
153304353
241536263
46859777
785613674
807854448
40064570
942665441
989524276
5184594
759796198
598482082
531024566
398903784
373284392
135315466
345610806
818014175
641049684
417137428
125018795
703253798
881757622
245583599
946125757
272804449
45817162
806048214
23581983
312371566
905912187
591094926
249688481
591404271
343374277
36830357
370942300
923023578
593271186
195964339
463831529
335839731
945864302
2641377
421447390
929885720
323872544
751236767
345934640
961547960
83803386
21401330
791130430
248826707
469883024
743302933
513263855
122511060
929574352
18052678
122688819
162272987
61426986
316273772
963346525
702013376
142461662
961619657
316160713
574727847
960207345
500831438
319922460
334557902
180957585
230367789
178402960
956997360
375183766
362683378
389845153
851851008
961505636
720267066
202660573
858481312
806301012
340835481
630350234
773307715
189590876
869093884
54003073
345638001
766184013
824614845
621742280
81604239
287204103
959168580
626680723
514808934
695217298
852305528
228392622
966849323
924110237
530952529
28094670
850976823
285996671
73760897
420506848
196737291
117481256
797531087
490838381
464394097
147655485
508671280
231441147
18782930
350336402
790648616
125732921
83177426
195030180
90915336
124473812
504598136
555465857
843543044
412605050
653942476
549381726
787192136
609625042
296264197
461790558
952439058
326450066
875746960
612235824
984747074
370367602
381515381
485684324
390245876
515045769
405988825
663720338
863044843
866372563
23314208
758162563
948496373
18727908
43765346
147275296
797304460
563172551
636615942
686960024
916170486
575127537
569194994
122178959
169939026
31358846
494452975
566694142
40212635
381863350
852182835
855447749
47674601
752987421
634558134
914341392
380550610
119937243
731165093
881695362
591514919
316819475
336921697
331881570
283116694
331489741
344415089
975022349
8105063
385992267
543264628
381281497
377808612
333184858
799986781
392558801
694299720
820795062
943721766
809567157
438305345
667492151
809353002
452708463
963290939
882150788
368451501
651607879
449013841
753076929
697658932
419149125
556998603
233586990
725369820
459860470
822646726
796927299
403697860
8412319
186352896
834950957
989738539
349020467
764951255
250024238
289991887
639627856
879974258
755165603
760452750
652286602
535767171
178855275
313358953
326068593
391704350
309189338
427667603
311110880
479320818
313720803
374473832
546126575
519109947
75254358
697782746
427634253
522385117
300433169
501609453
121811164
218194012
880142813
492620305
290408692
782707752
128345400
936822785
267200221
2176452
926255825
372931904
982554905
757833913
282717161
10892514
299904461
680190157
360452943
933176026
406642215
956065968
696433534
206806177
38517724
591059117
939528083
742374101
411257275
594721619
446408767
617580871
630267409
669188569
116964854
101468849
1193501
32749980
306141542
627281577
522466376
868316108
60002533
466393574
961485992
58300562
288590568
878369514
536219782
976107535
314706271
698700407
46812023
84627830
189204566
703284876
13438009
314709250
646853828
299154169
245840329
386650309
802151514
595852303
309877245
752353895
805299492
211481795
568551477
95941622
689795478
627149881
24316746
239976170
242308143
715541343
703130014
935564631
97529959
264992353
262062221
476575640
117124654
114553345
145193061
951842693
133741692
453253720
349182002
688977164
774348558
522003774
16648337
268225700
325093926
335561472
28851063
293046604
145081748
197555580
883699559
408977579
925475851
168989362
147767646
968706605
429371000
375123580
410231207
192134301
986884678
511707233
250219898
574504188
459681733
134875986
286167756
707451592
994510304
437679596
915122321
481656250
881855390
383962042
13630295
432469991
961191404
555672828
53474076
594856835
730822288
490763689
911450401
873057337
557215638
9649916
524870690
241068920
405032098
707018028
899380525
500271730
985147604
549217496
782648411
656439642
882639054
773803741
125143850
837547293
501392300
603007283
748506075
121864828
565334098
961100200
839306834
95337343
575687396
764890447
496124461
939541704
57116602
37085629
373027965
861746620
897254793
885510684
960504585
290652277
262382711
431996048
722763512
316632255
60262317
602409280
723096411
945730467
113092458
913928751
586639108
418410249
706645311
89050141
120989381
121197444
625398963
90599272
719996537
883831225
715000709
509894374
101072860
701652060
793598456
483931446
607853880
834917442
309528102
435308746
698186759
941715400
744059156
390566851
890781138
720800561
255423955
671984482
392613463
310944049
469071790
768467264
893749925
656231486
440589731
637360045
688319672
626314964
44966031
451562400
75437717
650765168
712865933
829096547
569379099
182828857
567716512
769023758
527992173
184012801
104403117
693453196
132299079
591249498
52854138
298260933
999292685
658385735
771869722
300610018
477833724
759076643
75198690
506421559
40097637
643709286
814140009
473831241
643648889
370721330
110161991
671230224
467126715
91291645
908483043
433738897
274982448
52323299
79087424
560153506
253925018
266812138
869527186
947485606
78633583
536393064
729896751
890194878
83156404
377200218
765199349
900376913
736107833
610443917
708283677
761792200
13598371
711348041
748636221
621694996
145312303
586064876
942645237
110854655
852742342
197409035
762007368
29807989
925671745
46887607
357227649
625394123
779014397
437771667
692747871
332955076
134465968
838612363
996268276
43707555
895475710
909417553
255827152
326360672
602813647
794296312
102727269
183669177
443868187
805696294
236062518
968458649
515908304
927546197
757853019
51165367
491574407
714539441
851929164
763411148
877648732
333868132
611524124
865756300
737431906
336927231
940043294
395868485
301813918
840581982
868079457
494490325
690685056
33558105
211711022
438828973
222300950
414831696
694539662
781967511
819089900
179942390
691698123
98154611
943733790
507142328
546700359
519331775
901871492
244397589
734221276
312969950
609520040
101125358
194967422
525787609
684588052
217497681
538435790
362581793
755022349
481659090
406896808
142555740
464739590
1333217
50095429
627092439
371858947
396117660
916314715
39676528
159809726
71826958
590522856
691609812
298954302
578341675
51079324
913218348
3721629
203153386
672612092
370021746
524558674
663077875
579570879
729015439
154600269
839406160
648219596
303418380
731048403
201146629
31760829
537221667
974214429
668893850
960985938
292192107
299936148
390118857
216220403
162083079
802405386
585779651
267823754
252602150
805958306
237007412
920784097
520006657
229061693
155860296
543385635
893712637
510603180
803187214
120233668
43099430
295156812
234168239
863360213
760880189
924118483
782774491
360788620
514813629
693680882
702509742
226064214
933314308
704882514
209804189
455132935
211884507
370009563
279465833
34194481
921688187
170158387
750515864
905913869
691032911
523896270
571411017
317555272
152471824
665898601
936668066
238827625
739557525
340714903
554403640
235082817
170365805
425885493
539259518
264882063
892568750
381198903
309816133
138242684
51307178
941898999
781406712
896556817
735523231
388611440
462988566
477297753
369048359
21724603
92180348
973737223
966972837
214969204
121096382
937386444
662333765
973808930
762286767
542757417
445006038
753972341
363755294
117166352
192495622
23546465
973426575
394592602
535353733
775628133
821166915
640143940
991301544
561778082
821210426
854470298
552832027
763918736
581880475
196247919
737010641
838142779
515856804
121224969
807302798
481845332
465855572
736055691
613997664
148920604
687996517
411705816
308062989
207180229
687383663
604885182
212114901
982001419
411367428
178192866
826082679
70553943
342636442
341267336
426670545
818351470
533984480
522406138
124957080
798912459
373486292
214660308
208064
399966832
567550766
109543450
871769059
40044614
993258584
718206500
799070417
821902151
313850712
671421839
354175660
249670854
91580822
78910302
24374632
548003463
355636559
275364492
180511076
464754018
707517045
275026169
218286750
171074485
413383676
553062402
764534133
888587815
32203028
736673641
865571659
364918559
309200943
809408223
831682952
717286826
483857005
74745984
898511455
527000433
18778416
115299120
364508596
154572139
272640392
624241467
9393022
814763031
289680433
401933062
357704533
199148179
940563802
946144699
230161011
912840500
878782660
438549743
297866562
265013238
492917471
774398075
887330198
117142689
565797850
692360238
243982199
571996397
17178358
957693030
376711735
669568471
943896072
153369126
668504393
488044467
825088915
952970103
736085659
206153587
40598839
249028242
420362156
95256130
485770975
750185503
337527887
63403468
77101852
872404475
834126973
554848024
568568409
969232116
144778834
330235842
49694179
355116569
789924987
943107358
512801172
115036929
932826154
809320864
889979267
302636691
177657488
39248230
472971906
477250091
867077623
358285427
665268268
990472848
383740931
127517253
520862610
436805249
782122129
919275838
565865974
425153706
183475638
493511223
633812162
506749408
855983985
873984425
867896700
983439132
329805295
667386983
176636191
26833176
652881837
294331450
357418739
702857307
320672297
651844603
107165731
554348319
594324652
86589458
282744457
221473417
686970972
374765399
329125221
713680666
852704742
89701532
244637793
939458775
865549400
608568219
85329282
268252452
345878458
83895519
129016690
140537187
583219738
593333036
137586751
498934361
88042254
57149435
129139488
725542475
467741449
91854261
365831429
389630226
370052317
592416562
611803805
35087883
671584790
477038904
627826997
116830149
648939088
501669782
512933652
242308589
854195154
416831823
988106907
746799504
347613718
48604471
190388811
538879667
342490362
717474487
144881378
866101993
615110373
796016142
747890457
452616600
678056488
858089695
93722305
187848918
28251369
214987222
449060075
264347276
803870583
695702066
999054225
447389498
160204931
546786374
171027940
308302922
51387777
984317697
10655768
756818703
956250014
103095882
45947883
175141117
791368903
419239250
597264333
231216805
36450851
377183486
809664050
136449473
219318191
439421812
459456184
469944188
555356248
958272405
602591306
194571361
578845696
781606406
91109232
715355319
746590523
330921334
787578132
732098436
56081663
211822284
360045685
636925720
618415841
389954049
633382805
179543799
731570305
301335146
355230216
702642189
257781121
862156205
669459913
160300329
657829891
362252382
436793266
691179759
673526322
903111867
890753243
881967862
529873903
520052876
9820658
729813517
409281371
938971116
549500220
872054828
634967836
589986505
118760014
102770720
767410598
514159366
150773340
363242313
149872733
956440034
798914708
454509323
182442889
886685112
375242236
913912252
373715934
600372050
587091169
580770552
947894970
186897480
703203708
821148103
182647383
321521157
767514234
395756161
236662032
318664275
322910103
931897825
588664125
12833033
314383430
388903048
793340343
252636768
584261662
770379155
701188676
468163457
73475250
590663408
340886156
550384014
869657529
494271977
594734655
720634108
430999795
708259587
462352768
662855509
776195502
404108439
224585550
222832500
561264517
190110630
73154926
893444843
312924713
308035676
505446965
963376734
517006180
995533904
127282635
766229522
747183565
93793714
183045194
933501449
488393590
462113557
78792799
899330473
36458066
622671075
965429242
910214274
746052847
484241468
576439452
572369215
319718214
206646265
109945819
415036498
832770167
107511309
424964569
239866694
666414809
508364603
172374491
632187474
9117537
458072370
197087273
827941414
619047050
15617086
226293204
515077940
511487205
758223923
591273392
275344256
647486143
528189719
486827913
682858461
913875992
788702704
929619765
630820461
597689421
106322367
518395727
780835992
695563566
188606243
725851756
177857511
900895404
850529940
348270567
151592341
837269641
254273795
288446171
110534901
2773867
583947742
848878398
694722501
114385084
229301254
653761938
942232576
951474214
572063694
239711457
520975949
11718351
725741160
306996280
688911863
667957973
401930192
754565483
537363840
388689981
545174507
537912446
117962369
258562112
938460062
142101312
174294455
908122812
411343442
892274418
236995151
929558895
378190771
901279071
115078203
808502360
509662445
711930825
818627338
123585554
36027888
963443648
139794106
599503490
509237798
106925647
933454679
636289594
122540678
211217916
599814583
671728251
59930190
257585942
880460391
916588105
859610403
1057403
731775046
856944313
187852742
945797863
574582039
987574901
285666211
911163582
523495634
325747289
148956287
608216868
981505339
698460583
460362653
214410837
462850402
896441329
396731262
826358417
552874893
716151548
578685977
675969700
201138149
545380755
407748083
225477707
109628042
918419404
639104840
368078889
672828955
601160918
335292826
970521220
107193753
818947884
289537429
213512928
620512144
848948057
912200149
831527833
453296411
160562237
7348676
257005113
849318105
196793046
704088513
609375292
792963994
56212807
763386543
892323455
405390906
390036498
124437962
889919812
272586765
335933682
633091804
733740913
917847403
153052837
163624805
111348485
321719369
600703589
99968666
696359768
853657898
69170735
465324230
80356067
920915170
644164674
700282662
78921464
153761649
614704913
134576409
343850816
753086166
990993954
742386429
174951136
46430972
329007974
889719684
232096581
215529198
849514273
500766883
93942806
971514110
405846185
587546364
997530783
855469421
693091319
880803871
73103133
46375479
294801261
513752367
584751133
653607828
644558
563535031
309275083
925808029
222733678
727097125
647121503
839404297
26769786
760241400
268701753
67889852
979431280
183243123
633742652
120427049
925781789
208992582
103481775
850250317
16375314
130148893
382320849
841678037
558953829
743776651
818233738
266626538
218634573
984412872
311564077
294403342
489348752
668578743
930839484
275177942
721775657
502080085
437908845
380232666
420270926
945999758
262458171
773776513
994461395
571368445
445211248
319201417
870987670
326931251
255542479
837999377
988500090
226393033
105189011
663163739
18962629
751402124
411622130
704315042
696770918
381970274
273735787
991125045
459230288
656006852
639173726
632398733
500021332
96062922
715089521
933761061
160145579
461698094
529805516
394724613
872927394
623265809
467007429
945969879
700018149
755429479
587937456
442750569
951517600
769100653
253890200
538128751
735657612
566546679
609368525
989170587
470756165
679686950
299801416
713809219
559081529
681247749
824472039
364741072
834282112
712706345
740500392
409299866
53625809
658335417
464878030
614636479
220850715
746611134
564450095
813945
704275516
920087334
659420412
304628638
647145699
716380222
327409883
69902925
301188772
806103224
128179927
986175198
36105776
714326270
36129623
84845509
473292865
529114459
542766951
622586204
819701063
374962997
902876094
17364096
457348581
563223314
411313334
402395375
138659209
98478205
371844786
541383693
860276136
531233024
28665978
544969104
331866474
768943456
686241556
170483884
491303618
715957360
323716231
482355880
84182716
531207567
526862097
479744035
799006889
63753817
148786819
827499043
768868147
973361731
442771993
968365721
306654124
521623222
721937051
977404759
282780689
629666540
544768813
936853379
246252867
181300580
809904752
306244468
917463114
944287370
79807408
387205699
369149932
770563469
141781274
456088103
274781236
628855622
432582337
840184302
76187879
986708319
139213845
288038815
942275777
840210392
681905961
409441840
998216345
865886294
861097119
55077765
361800874
465139151
771140310
996958627
881815187
50815457
78525750
105974649
159203330
192499254
396584136
381123632
435460672
67800664
266931079
778677875
141024687
475784803
823148950
828557062
722126397
787083276
5233555
713448664
377933215
521039647
614316228
376739570
335329642
768230551
221998888
871173579
823696197
331379625
616005410
775177219
950468668
723231521
314353663
811757099
444073477
437511575
958885508
422689797
586623785
757259822
970245215
592546732
188762543
283445548
734355455
372439950
689814924
899474989
905840781
724816220
634580879
429300079
615126661
582833434
83601883
500741592
157258316
821438956
977693578
512785324
749132340
904562539
242534537
15359900
841596938
2310167
605331100
391695631
689228729
301701397
385902907
542381104
744304008
533555924
707828047
675874792
823342728
334355981
730839657
41240702
610569183
797812442
661904240
963315997
995859367
369070609
507916212
823648797
456096332
881298714
786353687
213730770
31813494
194138768
697237815
605703889
103776253
715682429
600088129
758222525
369696903
712297679
934339699
639934246
177876224
685186302
968845444
378677673
874019948
870452892
389323975
921779550
421001980
452133569
331772338
175372049
807076390
266489289
944360182
28126099
854407021
755155590
955051361
597572747
666832709
629630582
997326102
558855445
994768434
692044949
7941114
702154673
56989279
714917110
867519163
722589159
479192223
264521340
198937050
286134342
619993206
598639700
432968223
494825187
116236821
654970088
464080778
597742521
480574204
805275196
589855637
867354405
815631638
472979269
453323999
709715677
841367224
967929516
429147436
163159124
859906022
375098384
465149630
895155656
221781078
988655020
552820749
189655620
855175334
105837539
158605399
993437384
924727622
784943781
943560316
122434670
765244891
289523786
786657814
7240588
691023822
451604220
552072321
53511764
788239733
726584397
573527741
253131947
697101090
476560013
664603417
674969325
199629442
150157420
533475002
501150914
593647375
86527880
49492259
27862811
510923453
674938341
790566535
909853902
114511466
154279203
104171848
694610069
177657692
734766415
583700948
997066916
451458689
568678221
371353638
801698
907724353
391059586
547552513
240214941
192088281
108532475
742327811
533062709
85530359
791596554
446039703
32677301
83517618
452683560
332574078
597074902
889785045
402788392
689265184
284940916
924083627
808461012
233842130
455062036
884083217
251072887
474078819
287532563
86016985
323004822
826280938
800026562
700915435
263539905
447356588
989933190
954972314
919822760
383437556
599084594
391572629
428181483
267658347
249925083
10426360
227883383
32698641
149753851
145314363
441692441
156561452
196285037
74486059
714730202
338882050
558836901
102296299
656005732
732551909
116542566
985447079
920270832
374636413
852677041
58699980
336586552
59950566
98273891
385131409
450752932
176418182
910664623
402745511
879573232
996271197
310218432
267804302
44426071
458313216
58663163
776291536
147455508
688401473
260246602
953882473
425720583
378638013
771475129
274359207
560052773
188148822
763510608
123810969
83235566
293959443
238844463
385873702
997356945
855016914
291480208
530173709
235390944
380551108
954717694
562154126
243641501
729996721
517704051
344302490
516032510
624582539
87347028
21938402
303467279
562753135
348163488
444284685
239895160
465814096
406573155
827700775
219555329
856555849
786918521
378711110
341717792
871925573
837936230
303328313
101316024
464942817
937884222
821328383
679166388
941816770
863655038
134048087
27511526
737880776
787386574
311214069
314627826
623565771
832315251
507525873
360313196
212893111
376037943
865900504
600511209
75677312
451576330
249611698
122661863
542403946
740114676
866597571
187141351
933859827
702911445
905575197
104657248
990743842
912446090
492280651
833868358
110058671
788534972
396590694
88159142
397326554
907045203
837402639
528138585
795266743
820693738
466198010
382032049
638162424
861491606
688582838
467834715
333044119
907528720
418023447
784377217
68758746
618099115
20263537
2175548
345238840
497635727
193544466
563508382
736348517
136089222
994465827
269690311
976659863
582678560
720296604
855809271
467000103
202192342
942092714
901786893
502490505
941262462
644055454
269953570
328277436
890905309
715060551
127358035
504240701
662046186
440606911
367264377
102814440
731436101
936017071
916793285
743210132
959699897
365426865
130998225
477622908
350211987
851053962
387529343
327948475
191096334
960148765
117230755
169272632
744201265
89500046
66274769
408719147
797903642
305594241
792816283
636475906
59131550
780600641
866489641
146507637
694460408
657831671
359264075
608771036
450913530
905956922
957202210
628078640
944730518
846578838
578660799
263344240
805648383
940294069
647627080
704870809
479859863
772764951
672771201
714467521
870822633
200260696
607153913
167318783
431194675
303663820
760156421
152668641
374676657
682538313
585361952
357222702
134900574
87210273
27351211
27387259
575337538
283298825
767918210
745899332
959177278
374651019
287838868
153370793
654409454
200156033
766349830
50409495
160873463
954378515
247355085
709439200
77243381
505253002
569659768
354253161
342221938
327348262
352304723
773525304
476388547
236134377
267407334
208851139
950954653
573474403
944570587
751320282
660512358
18336996
420115088
543773609
138651435
961574961
365486214
437517662
210683113
501583431
73395098
384694712
562001121
749096947
937057300
357776809
677140970
607171606
941008386
195420854
689521660
416271291
432628860
904373351
225711901
839496001
148263821
350087154
460952909
584719183
689184948
399907566
650386063
292068622
581764519
360011673
932504421
308902681
983965078
881230575
397925361
645820600
254369721
922439869
703429405
120447029
617475279
459416688
95687018
62397287
171040254
226965538
505212738
109263809
601049193
685420195
123865737
555161056
860846275
37524626
556401547
50559881
442260728
657587989
364482567
799299240
981964007
382860923
807838371
781913418
828775353
394585584
667450051
436232526
906780163
684739628
628716879
907954438
153045840
94270380
992409203
824592949
615205142
202748831
169722051
372891299
519814198
432856771
521004610
188250646
755901995
274741722
378379603
837438925
156922970
89926959
64729460
312156822
483044887
433372199
177634465
893139562
344115553
198454769
476893938
342474139
902261855
794184142
343047327
972327219
911748717
383638554
471106742
912768964
608125302
368043144
440377800
262277923
875827455
170129858
255072431
772788368
732881228
67446109
888017937
898527768
649846946
406281849
409494678
630851081
622232692
540666986
649262449
164493981
919547299
896050956
593028073
25454851
776779454
79586754
423095835
605752256
586613624
25106430
997994151
316353221
727080761
209613998
662706284
624161008
266054389
861678899
809518462
260570395
902500414
781944697
492352400
493586106
597521312
858161218
410916367
699050499
793791293
799554866
530347911
864628341
682322785
913472074
70339681
440049163
680270957
953897729
416255940
179571317
835090529
609775128
605685835
877237446
499519326
271280129
645120334
717760143
348785212
944088143
729723571
822613336
455540518
228301427
411589548
380888221
606319943
581372327
321619321
338683319
949371149
412134013
533219541
719806764
751043277
348018758
742216497
283515207
505486682
639344025
947949803
117348094
876266006
134558602
439339770
623458608
379126601
384493709
181749538
432628762
282806641
71684757
34375261
244662678
122073410
438554310
244096462
500236898
708694770
866640010
565958356
592159053
914622286
495035470
816825802
745494056
260360555
555947549
902824520
167486090
410857046
81953872
415137504
193492151
537482547
762991572
572512816
197708897
787763164
3040530
996220295
72346970
76325420
116450205
973076566
707606879
910622196
640249955
545600856
803253179
481024144
522494656
878843696
363394246
463895772
106119247
226309582
89457518
425315457
915081046
766991611
389674577
483862090
94519156
310758308
917871051
963697233
950275203
92387952
85431169
795143272
461890276
358163908
974124470
889232451
283700048
41687439
825048368
449336310
788975111
878581299
747193662
634337468
912659667
884097963
619994467
986825039
630919755
496434698
907091054
394595552
654463898
138079754
621419044
92058533
762421390
968243958
967390898
273548480
656645474
562250276
943397791
438258882
74181618
164223916
214799057
440517685
185133197
344946950
480022533
754817519
58590230
949690812
313908079
854288461
642102878
141898330
462671442
471000487
772930523
917343732
130744778
112889836
863217929
684135035
137078845
103022439
387114589
246164358
221929043
961179416
707735835
775039195
793073822
274724740
863690702
719345136
747077179
316703740
797136866
117940018
45090162
862344872
567371427
332234585
263191706
216344985
770136052
992429389
89314515
941168467
773062023
9932852
502683738
161256246
678510938
555693345
359175228
967027617
311917305
53316723
21671906
488599079
315449963
8212538
667779160
784748970
768892403
105395117
530455318
312670091
599640907
122144751
761096662
299924802
738991943
62708151
577782298
493879450
176011660
482855989
716927643
485967094
110140018
870138566
368860997
987838712
416079943
33010319
893057761
815139056
935674422
760196624
954531203
863691893
514241902
929178186
985151496
226480901
246363971
860770807
331965260
492230174
379714643
989747487
907273988
753108793
638097362
22373099
840533143
446417049
583492109
966911564
48842388
351806561
7918298
927356249
477525142
693588689
271026928
889694386
286963670
408982372
821965300
627056672
534006420
776631611
276085074
257004966
380600698
409325179
953169464
414607991
225974113
684924282
131849267
144063253
699051364
523490349
890549640
461025624
71827287
739712426
829388652
926028461
464568693
961872526
546096385
805178218
532939156
894110859
723961443
97748136
53115284
480165306
944952167
621920211
604851324
710925068
724360226
360231022
227305576
174173042
165927112
100850909
65650846
731199551
990669934
567247541
468380227
113565670
258422922
387578311
31326411
645163775
5039846
425199401
172696871
327892377
35515967
84603218
393041768
472316372
422517792
17401473
194869726
493540918
78053893
886696964
667637527
768720597
76543350
436049517
645427719
247953835
442936784
815978984
708523580
149717278
313429075
580273747
301674236
237628238
563447865
354106842
344002802
968701409
100514334
326804373
320266803
62361024
354416433
122537627
414757198
171605400
63570582
131950491
410393224
638555073
397559619
26698069
982114698
730158800
697308491
384929042
124194307
802856796
411600559
235799958
359462367
990929119
508082281
363060248
714884100
231956553
296991346
691351922
284949984
492323913
306797448
492566070
960296936
95539261
437625451
657357187
862604089
191740778
452886392
29078692
120795921
860428976
41028029
312675454
406536465
254439209
140723939
314266797
33449391
293500765
437424388
881010380
900494906
126610428
756418663
616548447
47629049
665276319
601318306
232659410
961911524
764430091
270982636
166730573
932343605
56310188
541724866
234295956
869055521
555788122
48812699
358446561
740296347
765435958
232037115
123869822
208434775
506035991
160931943
875921577
563378318
107324200
556340927
455769345
988607602
998657878
915041432
361819421
483314295
281017408
143010332
604613153
32896747
20577954
172169146
654355445
950108579
171942053
534449930
934434623
211974802
193276179
678826720
653660247
462607464
772864858
973098630
25615844
598518004
202332622
925149602
385121236
550932914
463142634
552650999
228537198
904424992
690192660
601419324
357504798
534949381
504981134
940025858
159240718
252672069
535198258
102292058
530744094
153509826
885849518
939458496
186176718
441349917
9116859
709759727
861070114
930306608
500328472
506913496
91677506
65316647
746380872
768674099
369998288
615608498
142448958
697377695
833064152
237978954
666580748
345322135
595332151
447250852
454772726
308504957
346602420
1361664
719502776
10661798
636740981
967639998
263448344
583804808
694901888
903287124
750938789
283116611
144086367
408761128
58493335
25709489
954458048
630124442
272997277
128727200
625904383
742013509
724727857
793481661
834968781
735419243
750238373
621807697
675237361
594794258
367883022
889782500
740477569
616403193
852596594
563894130
309357934
399883160
633181773
435712463
71656386
966950881
69494056
331229397
723486338
598257433
874084557
605145640
997642179
531521254
119042409
554775350
426270618
20000892
968818817
843231266
387310325
577561540
81266989
12383802
276086414
521117581
147033381
344247064
321526292
889467607
165322649
59168961
461790190
876823546
784320325
49683715
408951419
235815356
155582182
840714818
993481341
706753478
105360605
107715079
532543499
429906049
372351497
854202891
896609011
969479204
210639024
38966049
821104973
691245085
405336692
645590259
192184919
157267080
706097549
695149405
864900458
252687435
808489992
393899316
552724207
714419926
411252337
998661094
547408804
647857366
350521322
695654545
110605686
747684700
640406809
67462005
595428353
309254631
891998602
300098473
995146692
505645685
319866912
280117777
487965365
201724022
355257437
318935053
18614835
266383156
174718181
98590223
211856282
621894041
67578725
737616598
772980524
554174117
962893473
192186839
393657382
957638920
382943744
153400386
692632947
411603149
780457389
911738595
812347670
409096062
90548901
862279696
605223176
173093731
969808910
879622398
779499216
542194047
50819263
243973574
643382703
455968043
707363966
948721069
399760330
513686459
970608154
691119036
376770050
80581475
665487305
854078463
790542791
833792552
856224800
50153627
313202987
633700356
228280073
441790961
271674372
708240947
453551275
386797179
917470593
410555915
904942287
806566518
561911680
390398678
240246
522386666
822780587
427901210
352044988
141164133
77558314
673425862
910807337
225883742
67588442
442488151
14027584
851269609
662886418
942413738
196231376
814746680
927183581
321726410
429999442
610454723
392493070
415969151
241055337
368409293
253735492
112055651
326234128
693833902
681262788
243289499
146212630
792538669
230669744
197167866
598898278
589151038
691932303
480797658
919437988
296416341
632789607
461931962
678409955
652334873
937956000
557735700
719267253
767897529
911716436
854097232
726614000
796837082
454757104
754427215
505191704
498333639
73789114
245138072
742776525
990279970
60411243
372656358
403711624
895534188
848219513
942478437
949063752
215743069
33313285
535443764
246911946
150862303
919152086
995198119
941771560
806014047
228627679
208852738
857348444
231382972
336813522
255544835
818918699
855200451
78429550
248543609
59250725
73177701
779248614
584940303
736945928
319933273
850454691
577135415
56482086
357625233
208784288
89103793
951094156
950844617
480692917
417121229
560531393
436372848
146649666
386303645
239507655
234218112
415992439
55028757
359871611
180303650
615153435
334062150
301793103
318391794
338378358
103870000
631225434
577730428
958057158
230651686
659306026
148303073
927780180
538244522
661216191
106845953
98118439
301184896
437267912
773395740
220913403
167309013
361028642
537831017
276098015
103803822
77742173
269035268
722474716
189611453
835917245
783601801
67672432
632845809
538903201
432781185
347649583
459026166
112085333
255807572
5124036
803479078
797958545
843288869
391626488
857591109
456057295
605551602
22362350
597416593
796454938
628380695
601250838
911881992
903894205
369025718
372534220
442354143
487468543
274824866
939305331
610218306
251946854
831901019
394741932
122365700
438601616
937399629
779719922
138581218
627539611
625040419
903650463
43143123
187116518
271163753
124352761
855337622
797814184
248036646
321517914
291729524
606853504
886749755
426633987
880799249
321544246
140945532
477586326
380195453
49539957
475987956
27118917
463315610
695270140
924120435
658452112
658520957
185205277
484360540
477766452
905972852
739416781
126370803
956101755
792606810
886725572
655609000
613674625
196342419
445284384
286771078
946529230
519843878
189203272
147102151
36826108
595945711
840854686
498407872
471503642
244113453
219240788
39368908
343797815
31424014
37856528
962399787
279625832
319030287
168770606
327593848
879693680
910724463
361536121
83603752
730235985
393192179
200042019
924708033
985694955
624452870
347276407
601342608
376835966
102270263
849364708
992316340
276010663
200070235
496851319
346853419
266804691
735999873
559342012
234690970
649779483
401528435
11795458
837220151
881554380
351053500
143770658
255290188
264056195
543352218
259113013
997315330
708476010
540540307
564589523
116177742
722152986
956339221
16677364
555828124
122056316
169264083
687754570
683608950
998433235
825368376
226787398
88656561
405793358
960789313
91487779
589010624
532171818
287745955
164903250
649676733
769516671
166407975
883126616
530347783
644121069
846540785
458078162
107471190
98908298
87119736
45264931
932169691
641465451
682211141
218981111
765755913
904114722
27914090
524421358
88655347
508204471
984463722
49008245
780573388
598239164
715807508
846355763
774506185
246314528
965391599
408515362
444504318
629674484
460797517
31972169
281928980
640068125
503667878
308784495
247605207
492365981
818205354
621801891
154411313
672143993
992493505
116991438
605213008
622348061
464113371
798593732
782520078
115744041
298099243
841015156
794816494
497639322
82791823
988056051
597383801
664407282
793393973
318857827
245081640
768834700
859372483
449762402
337995486
639022854
324274882
536810035
550122063
981352813
68598885
46749314
140037496
378098752
271719265
774462901
43930139
251770204
420129707
715891451
973528361
291222097
535809131
602024228
168867923
106886576
715095445
272761998
582867762
157437828
953836792
793556729
399693232
137920837
69527959
610027539
301750789
779844024
594076096
980946152
793690947
155195221
442564833
457506829
291941101
737340018
150858120
462560413
793973015
901088837
432316431
129469893
417733749
101700379
522797188
408031860
540001359
220851712
575605708
96031635
280294006
393927819
698102161
52266825
447566530
677524117
710790515
149101483
165447437
633156252
861187030
82793863
348998184
392712804
556132474
792993377
898178833
611953709
302440698
819897281
527990293
538871492
905047917
801102034
417657441
93856802
961237274
550186722
848739769
936706622
108019093
918294399
484324154
761588009
113227085
566510305
540294672
649501997
951261022
152744524
208097358
225294754
650039638
687246936
429173740
911653081
253963002
917612235
861512839
163653642
523890801
708157895
807827435
567952390
25380446
172334587
974875461
239416690
584329995
60647169
469216070
829812676
283634190
627692983
745741267
948556308
35227447
982550934
923160738
236184711
145107863
973282418
99953447
677192787
650856750
233856005
796707644
913158682
801037062
436926081
798213107
998379818
808380534
792696676
859513879
486873824
946095947
466084974
810993459
189625484
902476764
542576604
291370358
289727189
846629735
696970318
814789316
857466390
765222135
90928433
847017662
809067098
767258199
15419849
431334235
434363680
230845243
13116971
922985151
671075620
200589546
581797502
204185049
366629618
144918537
538250840
912258164
49237432
4655016
216811391
715381397
516542221
445999867
107733941
276621708
87243194
677989016
547192099
306551740
191067871
918202583
507701014
845032500
825204354
842023103
892367226
256750116
779812807
460446155
879495239
758093794
102367089
22055086
436299627
75767026
445780726
144571815
497128506
178777078
989352318
771660795
795954251
508520891
569884726
157991791
542614749
213489328
495587371
970574045
77631965
338480575
624770520
505219992
108478230
759325517
991113073
945853761
863144616
830188477
821954801
162338676
475433153
310366368
308439071
183617611
483941773
299611083
940022817
53900318
812971368
870198740
439558204
761909144
362515815
950171127
33675008
377262378
419091031
550429802
128776916
526504613
488410472
132860760
497550960
110644229
6548805
683967377
406341104
506400475
125296681
379028030
496214752
135988030
508031004
316816348
570797926
14630942
165818564
755905870
536358188
307195047
741193620
343661757
535435977
929217855
155825150
22975115
957254082
717676058
881375703
603632832
830149376
181151799
825822521
980200935
569758359
686354472
194940134
691890933
189229587
13779586
688887327
899183988
723023726
41986985
565458011
848904713
863431731
689469599
515980768
66664824
727632792
833404435
150058959
849311434
514053054
926730078
136035171
72993692
64240057
570311989
759472047
39660939
406254159
828234600
135653396
193920954
637282937
928933467
286075901
631485061
35215442
87630560
954093783
133736749
502140568
266820602
911772440
195861894
230735429
149687806
270539999
30566162
248169780
113256940
604761247
603118774
781458605
135404940
263122434
580300203
84013926
516523435
560604322
671390344
687433603
490496116
115577993
594612849
38969760
904277427
522862359
125638971
411082681
874080107
377720940
187669726
726934359
972729518
326945842
76643716
2378422
327045775
984316717
196770480
723647634
387699634
289943057
627624030
907399105
148077903
7468170
169847301
692849835
160938426
337860410
291582348
218210400
21570527
409347072
898247096
542460408
827897174
663150943
713998077
412244120
464842465
195645639
775473672
248008465
773089862
569154876
263141284
197791562
834981717
99265311
806828206
479981717
863959592
13077740
119854211
777486112
170463410
955289055
546929563
786792256
602926615
334590187
310458764
204539049
939773997
810112195
614612431
482001178
488470951
836691148
220535137
667427000
166421222
470584599
452829795
418037443
259206170
485586192
710686014
243789045
877264826
305846739
711366238
603231875
770053929
935197148
67643907
21382479
615602388
708521876
480512496
341288452
931473539
520104991
215391923
468078048
979772056
868420829
697890631
585923100
726955165
214933799
20535382
640270040
51316289
551364174
461852518
7791478
742293664
928479196
405227424
512657131
45814666
595202078
677509870
120718282
777369309
653082966
489994339
163120950
558947609
503314321
395022214
702702472
374343419
39825028
717053953
945659035
947477820
236508378
444279545
402384948
851357377
782421025
617254829
565674186
465587480
214589258
138901584
284198495
236877105
899731294
39979356
593967460
283148993
549965111
2224972
968027887
453496546
137208468
417854676
643129014
379220324
446012063
439091480
884948368
563797604
408821853
187571559
616991989
851852215
268471236
156826206
903304084
726764164
551994182
54755856
750402943
157801107
509799801
694033478
215584810
647866881
61666336
756166167
84132455
933081924
351794575
198689033
458190979
306282949
632467893
483852596
753977256
211083959
561102461
621790285
657104501
944007815
301139633
619440248
25509921
911974604
221956462
750684573
297973967
673968060
935881845
614661774
802021696
700467093
828705592
987167861
909058936
213943230
223415866
730658885
287466966
666895900
402950725
5884514
178732678
415237360
447835118
845274400
234143117
416900933
403731686
706824022
255689926
268373131
855846238
97099351
477114155
609776655
49974391
958842612
559173922
212963657
118909015
405724623
271169413
348595692
580316799
443543305
23137723
985794655
885129317
847186898
362535426
705942672
416883453
856176054
860130834
232531147
961828728
722945050
147915931
339731271
842137528
665220119
200024569
909658986
644009081
246102347
166791837
48880941
992012114
324987448
914716243
995853651
927416518
288659665
962998965
4948514
190304588
216773116
242346178
879241395
302658929
910976961
408272001
117135035
462574259
961402594
22566048
242870521
107182539
348892868
636191753
990876901
370178045
679843613
305633657
308914259
99707699
830338158
363296557
923538044
484401401
983056941
812881574
586269209
862491759
691604069
472512008
886666832
525786170
546446978
97717264
598463689
944314279
75071998
234617300
897205570
360159873
560394534
53089240
751306835
261927404
747823806
569662233
379067971
216667008
330697922
634475733
309529273
321739041
193743463
67150589
290212493
244465208
875453429
277642358
553022429
523381816
49108264
198932858
365814285
303952583
127910657
96242134
334909950
991281363
742595410
859846694
570333722
294419608
446360784
781529621
527631375
895617855
714602336
799504152
693198196
142233454
871401469
790523113
808143523
78108113
368639844
614304982
157926588
927468680
791315749
828708078
501685096
910946149
257023698
51524832
719347224
371402809
403320412
255297848
865483534
466059823
893820309
963904271
833578635
696222232
603419864
922115411
347195533
282406175
202033409
637450527
900969560
534620146
870777763
230065386
85067577
182292965
146877120
712507704
883259349
68131541
113155460
285095731
620349944
546065926
375403439
61322003
76346760
143388941
510846796
162635523
977170203
148831362
638956164
611976415
964789226
876495
15229165
702906605
433636389
48685017
105979297
435706533
376238446
176485568
326881778
994092791
700378595
933266405
637464697
299345180
505589267
232041381
813092432
349000510
892627153
899712370
821141120
107762244
38351884
412537357
917595719
820360485
576344851
772534775
38384396
200069033
376384348
877582024
3154502
224837700
711679454
704035225
942481435
774704148
757181598
828735633
498883723
723262986
961568098
735544061
930764362
87788489
327059009
561413754
133355081
796249108
482869167
237441061
287095691
704690774
47720898
276011302
739010617
707597468
871026444
694581129
430052658
288992456
728903199
376880591
713977245
838174210
466952944
313867278
702716937
207352891
923705574
416612351
466220768
839192502
962898920
769030033
995453345
393037618
809520255
931232156
575890028
28193185
379558894
954139050
764872660
272119955
232709459
521509039
111029575
207211652
68480750
758045208
726412319
33353318
851507732
962909083
908827636
136476607
636586385
928654101
952245561
692910813
25526922
335041234
375455597
386110011
259111695
999037591
7093113
808476689
947514383
940949791
5576633
862158871
797340691
493393316
571729522
204788154
430858702
433063574
688251401
618357503
740312319
967683598
527880070
9023960
731868026
827397726
638475975
760786046
432680556
87684156
693289264
400065139
908048612
378810217
695660202
419657636
273976410
356405226
583452146
951837540
517416502
781079034
602683922
538076305
561918792
927385923
327837620
578095123
686831198
563406920
7999239
172248491
981847676
579390616
763131092
308325845
407140377
793994234
542512872
520154361
520193742
804011216
145300929
405705393
443622089
702286043
351468588
23955210
527627234
931903389
566288395
990632387
2410087
716325785
178945721
799394808
177681420
496418808
151065142
713638987
413186885
51909707
827789021
847011323
9998019
105997824
758502218
352185311
653457880
740674457
4686376
174483588
597345462
780731915
439495900
821551612
977200652
520441624
521973861
992468482
907895358
523285465
745098724
785868624
42056237
184271657
279807313
678367421
446098251
55239359
628511209
445047722
763755472
270627553
161101171
515240311
406216994
675702820
824170188
622988884
976184927
350449165
693181606
380537832
136068249
458600880
940465841
564892540
272674138
380998685
348241013
927650578
343636848
415400476
808638891
774969098
695062310
